
	---------------------------------------------------------------
		IDS_Node	NeighborNode	Distance
	---------------------------------------------------------------

		   5		0		192
		   5		1		174
		   5		2		159
		   5		3		151
		   5		6		179
		   5		7		202

		   9		4		168
		   9		8		203
		   9		10		187
		   9		11		156
		   9		12		197

		   28		26		170
		   28		27		169
		   28		29		188
		   28		42		157
		   28		43		268
		   28		44		152

		   14		6		165
		   14		7		162
		   14		13		227
		   14		15		169
		   14		16		208
		   14		19		192
		   14		21		225

		   25		10		201
		   25		12		145
		   25		24		200
		   25		26		219
		   25		30		168
		   25		32		181

		   41		29		174
		   41		31		161
		   41		40		188
		   41		42		182
		   41		43		254
		   41		45		127
		   41		46		199

		   19		14		192
		   19		15		236
		   19		16		212
		   19		17		158
		   19		18		197
		   19		20		194
		   19		21		131

		   36		22		164
		   36		23		269
		   36		24		171
		   36		32		174
		   36		34		153
		   36		35		169
		   36		37		199

		   39		31		226
		   39		33		163
		   39		38		170
		   39		40		172
		   39		47		218
		   39		48		161
		   39		49		105
