
  --------------------------------------------------------------------------------------------
    Node-ID	Signature	ID-based Key	Neighbor-ID	SessionKey	Broadcast-Key
  --------------------------------------------------------------------------------------------

  	0	1496000            10002            1            100578            00208
  	0	1496000            10002            5            1001496            00208
  	0	1496000            10002            6            1001394            00208
  	0	1496000            10002            16            1002788            00208

  	1	748748            10010            0            100578            0178
  	1	748748            10010            2            100527            0178
  	1	748748            10010            5            100748            0178

  	2	1366728            10029            1            100527            02365
  	2	1366728            10029            3            10062            02365
  	2	1366728            10029            4            1001550            02365
  	2	1366728            10029            5            1001364            02365

  	3	88264            10037            2            10062            03445
  	3	88264            10037            4            100100            03445
  	3	88264            10037            5            10088            03445
  	3	88264            10037            7            10072            03445
  	3	88264            10037            8            100160            03445

  	4	2208800            10047            2            1001550            04281
  	4	2208800            10047            3            100100            04281
  	4	2208800            10047            8            1004000            04281
  	4	2208800            10047            9            1003200            04281

  	5	1945680            10055            0            1001496            05198
  	5	1945680            10055            1            100748            05198
  	5	1945680            10055            2            1001364            05198
  	5	1945680            10055            3            10088            05198
  	5	1945680            10055            6            1001804            05198
  	5	1945680            10055            7            1001584            05198

  	6	1814824            10060            0            1001394            06278
  	6	1814824            10060            5            1001804            06278
  	6	1814824            10060            7            1001476            06278
  	6	1814824            10060            14            1001886            06278
  	6	1814824            10060            16            1003362            06278

  	7	1595088            10070            3            10072            0776
  	7	1595088            10070            5            1001584            0776
  	7	1595088            10070            6            1001476            0776
  	7	1595088            10070            8            1002880            0776
  	7	1595088            10070            13            1002376            0776
  	7	1595088            10070            14            1001656            0776
  	7	1595088            10070            15            1001368            0776

  	8	3548160            10081            3            100160            08300
  	8	3548160            10081            4            1004000            08300
  	8	3548160            10081            7            1002880            08300
  	8	3548160            10081            9            1005120            08300
  	8	3548160            10081            12            1004320            08300
  	8	3548160            10081            13            1005280            08300

  	9	2841344            10093            4            1003200            09418
  	9	2841344            10093            8            1005120            09418
  	9	2841344            10093            10            1005440            09418
  	9	2841344            10093            11            1004160            09418
  	9	2841344            10093            12            1003456            09418

  	10	37437400            100100            9            1005440            010284
  	10	37437400            100100            11            1005525            010284
  	10	37437400            100100            12            1004590            010284
  	10	37437400            100100            25            1008330            010284
  	10	37437400            100100            26            1001785            010284
  	10	37437400            100100            27            100510            010284

  	11	28631460            100114            9            1004160            011372
  	11	28631460            100114            10            1005525            011372
  	11	28631460            100114            27            100390            011372

  	12	23788512            100128            8            1004320            0128
  	12	23788512            100128            9            1003456            0128
  	12	23788512            100128            10            1004590            0128
  	12	23788512            100128            13            1003564            0128
  	12	23788512            100128            24            1001026            0128
  	12	23788512            100128            25            1005292            0128

  	13	29077752            100130            7            1002376            013296
  	13	29077752            100130            8            1005280            013296
  	13	29077752            100130            12            1003564            013296
  	13	29077752            100130            14            1003036            013296
  	13	29077752            100130            15            1002508            013296
  	13	29077752            100130            24            1001254            013296

  	14	20268336            100145            6            1001886            014166
  	14	20268336            100145            7            1001656            014166
  	14	20268336            100145            13            1003036            014166
  	14	20268336            100145            15            1001748            014166
  	14	20268336            100145            16            1003772            014166
  	14	20268336            100145            19            1003680            014166
  	14	20268336            100145            21            1003634            014166

  	15	16745080            100158            7            1001368            015381
  	15	16745080            100158            13            1002508            015381
  	15	16745080            100158            14            1001748            015381
  	15	16745080            100158            19            1003040            015381
  	15	16745080            100158            21            1003002            015381
  	15	16745080            100158            22            1001862            015381
  	15	16745080            100158            24            100722            015381

  	16	36137728            100161            0            1002788            01636
  	16	36137728            100161            6            1003362            01636
  	16	36137728            100161            14            1003772            01636
  	16	36137728            100161            17            1004592            01636
  	16	36137728            100161            19            1006560            01636

  	17	24681888            100174            16            1004592            017181
  	17	24681888            100174            18            1003752            017181
  	17	24681888            100174            19            1004480            017181

  	18	29533064            100186            17            1003752            018179
  	18	29533064            100186            19            1005360            018179
  	18	29533064            100186            20            1001809            018179
  	18	29533064            100186            21            1005293            018179

  	19	35266880            100198            14            1003680            01913
  	19	35266880            100198            15            1003040            01913
  	19	35266880            100198            16            1006560            01913
  	19	35266880            100198            17            1004480            01913
  	19	35266880            100198            18            1005360            01913
  	19	35266880            100198            20            1002160            01913
  	19	35266880            100198            21            1006320            01913

  	20	11903760            100208            18            1001809            020115
  	20	11903760            100208            19            1002160            020115
  	20	11903760            100208            21            1002133            020115
  	20	11903760            100208            23            10054            020115

  	21	34832996            100216            14            1003634            02166
  	21	34832996            100216            15            1003002            02166
  	21	34832996            100216            18            1005293            02166
  	21	34832996            100216            19            1006320            02166
  	21	34832996            100216            20            1002133            02166
  	21	34832996            100216            22            1003871            02166
  	21	34832996            100216            23            100158            02166

  	22	21607432            100227            15            1001862            022444
  	22	21607432            100227            21            1003871            022444
  	22	21607432            100227            23            10098            022444
  	22	21607432            100227            24            100931            022444
  	22	21607432            100227            35            1003283            022444
  	22	21607432            100227            36            1001470            022444

  	23	882024            100230            20            10054            02316
  	23	882024            100230            21            100158            02316
  	23	882024            100230            22            10098            02316
  	23	882024            100230            35            100134            02316
  	23	882024            100230            36            10060            02316

  	24	8380064            100241            12            1001026            024365
  	24	8380064            100241            13            1001254            024365
  	24	8380064            100241            15            100722            024365
  	24	8380064            100241            22            100931            024365
  	24	8380064            100241            25            1001862            024365
  	24	8380064            100241            32            1001824            024365
  	24	8380064            100241            34            100475            024365
  	24	8380064            100241            36            100570            024365

  	25	43227800            100257            10            1008330            025478
  	25	43227800            100257            12            1005292            025478
  	25	43227800            100257            24            1001862            025478
  	25	43227800            100257            26            1002058            025478
  	25	43227800            100257            30            1008526            025478
  	25	43227800            100257            32            1009408            025478

  	26	9264024            100267            10            1001785            026199
  	26	9264024            100267            25            1002058            026199
  	26	9264024            100267            27            100126            026199
  	26	9264024            100267            28            100357            026199
  	26	9264024            100267            29            100987            026199
  	26	9264024            100267            30            1001827            026199

  	27	2647128            100279            10            100510            027456
  	27	2647128            100279            11            100390            027456
  	27	2647128            100279            26            100126            027456
  	27	2647128            100279            28            100102            027456

  	28	7500944            100289            26            100357            028228
  	28	7500944            100289            27            100102            028228
  	28	7500944            100289            29            100799            028228
  	28	7500944            100289            42            100170            028228
  	28	7500944            100289            43            100306            028228
  	28	7500944            100289            44            100697            028228

  	29	20739972            100291            26            100987            0299
  	29	20739972            100291            28            100799            0299
  	29	20739972            100291            30            1004089            0299
  	29	20739972            100291            31            1000            0299
  	29	20739972            100291            41            1003431            0299
  	29	20739972            100291            42            100470            0299

  	30	38394840            100302            25            1008526            030365
  	30	38394840            100302            26            1001827            030365
  	30	38394840            100302            29            1004089            030365
  	30	38394840            100302            31            1000            030365
  	30	38394840            100302            32            1008352            030365
  	30	38394840            100302            33            1005394            030365

  	31	0            100317            29            1000            031375
  	31	0            100317            30            1000            031375
  	31	0            100317            33            1000            031375
  	31	0            100317            39            1000            031375
  	31	0            100317            40            1000            031375
  	31	0            100317            41            1000            031375
  	31	0            100317            46            1000            031375

  	32	42375168            100324            24            1001824            032201
  	32	42375168            100324            25            1009408            032201
  	32	42375168            100324            30            1008352            032201
  	32	42375168            100324            33            1005952            032201
  	32	42375168            100324            34            1002400            032201
  	32	42375168            100324            36            1002880            032201

  	33	27370024            100330            30            1005394            033121
  	33	27370024            100330            31            1000            033121
  	33	27370024            100330            32            1005952            033121
  	33	27370024            100330            34            1001550            033121
  	33	27370024            100330            38            1004588            033121
  	33	27370024            100330            39            1003658            033121
  	33	27370024            100330            40            1004278            033121
  	33	27370024            100330            49            1004650            033121

  	34	11037400            100342            24            100475            034276
  	34	11037400            100342            32            1002400            034276
  	34	11037400            100342            33            1001550            034276
  	34	11037400            100342            35            1001675            034276
  	34	11037400            100342            36            100750            034276
  	34	11037400            100342            37            1002100            034276
  	34	11037400            100342            38            1001850            034276

  	35	29583180            100355            22            1003283            035253
  	35	29583180            100355            23            100134            035253
  	35	29583180            100355            34            1001675            035253
  	35	29583180            100355            36            1002010            035253
  	35	29583180            100355            37            1005628            035253

  	36	13247520            100369            22            1001470            03625
  	36	13247520            100369            23            10060            03625
  	36	13247520            100369            24            100570            03625
  	36	13247520            100369            32            1002880            03625
  	36	13247520            100369            34            100750            03625
  	36	13247520            100369            35            1002010            03625
  	36	13247520            100369            37            1002520            03625

  	37	37096752            100378            34            1002100            037403
  	37	37096752            100378            35            1005628            037403
  	37	37096752            100378            36            1002520            037403
  	37	37096752            100378            38            1006216            037403

  	38	32683728            100389            33            1004588            038160
  	38	32683728            100389            34            1001850            038160
  	38	32683728            100389            37            1006216            038160
  	38	32683728            100389            39            1004366            038160
  	38	32683728            100389            48            1005550            038160
  	38	32683728            100389            49            1005550            038160

  	39	26061244            100393            31            1000            039340
  	39	26061244            100393            33            1003658            039340
  	39	26061244            100393            38            1004366            039340
  	39	26061244            100393            40            1004071            039340
  	39	26061244            100393            47            100708            039340
  	39	26061244            100393            48            1004425            039340
  	39	26061244            100393            49            1004425            039340

  	40	30481440            100406            31            1000            040144
  	40	30481440            100406            33            1004278            040144
  	40	30481440            100406            39            1004071            040144
  	40	30481440            100406            41            1005037            040144
  	40	30481440            100406            46            1005451            040144
  	40	30481440            100406            47            100828            040144

  	41	32251692            100419            29            1003431            041410
  	41	32251692            100419            31            1000            041410
  	41	32251692            100419            40            1005037            041410
  	41	32251692            100419            42            100730            041410
  	41	32251692            100419            43            1001314            041410
  	41	32251692            100419            45            1001825            041410
  	41	32251692            100419            46            1005767            041410

  	42	4418480            100428            28            100170            042127
  	42	4418480            100428            29            100470            042127
  	42	4418480            100428            41            100730            042127
  	42	4418480            100428            43            100180            042127
  	42	4418480            100428            44            100410            042127
  	42	4418480            100428            45            100250            042127

  	43	7954056            100433            28            100306            043247
  	43	7954056            100433            41            1001314            043247
  	43	7954056            100433            42            100180            043247
  	43	7954056            100433            44            100738            043247
  	43	7954056            100433            45            100450            043247

  	44	18119376            100449            28            100697            04436
  	44	18119376            100449            42            100410            04436
  	44	18119376            100449            43            100738            04436

  	45	11049500            100453            41            1001825            045308
  	45	11049500            100453            42            100250            045308
  	45	11049500            100453            43            100450            045308
  	45	11049500            100453            46            1001975            045308

  	46	34919896            100462            31            1000            046446
  	46	34919896            100462            40            1005451            046446
  	46	34919896            100462            41            1005767            046446
  	46	34919896            100462            45            1001975            046446
  	46	34919896            100462            47            100948            046446

  	47	5304816            100476            39            100708            047336
  	47	5304816            100476            40            100828            047336
  	47	5304816            100476            46            100948            047336
  	47	5304816            100476            48            100900            047336
  	47	5304816            100476            49            100900            047336

  	48	33158400            100484            38            1005550            048152
  	48	33158400            100484            39            1004425            048152
  	48	33158400            100484            47            100900            048152
  	48	33158400            100484            49            1005625            048152

  	49	33161700            100496            33            1004650            049185
  	49	33161700            100496            38            1005550            049185
  	49	33161700            100496            39            1004425            049185
  	49	33161700            100496            47            100900            049185
  	49	33161700            100496            48            1005625            049185
