					Neighbor Detail
	~~~~~~~~~~~~~~~~~~~~~~~~~~~~~~~~~~~~~~~~~~~~~~~~~~~~~~~~~~~~~~~~~~~~~~~~~~~~~~~~~~~~~~~~~~~~
	Source	Neighbor	SX-Pos		SY-Pos		Distance(d)
	~~~~~~~~~~~~~~~~~~~~~~~~~~~~~~~~~~~~~~~~~~~~~~~~~~~~~~~~~~~~~~~~~~~~~~~~~~~~~~~~~~~~~~~~~~~~~
	0		1			225		567		210
	0		5			225		567		192
	0		6			225		567		126
	0		16			225		567		209
	1		0			244		777		210
	1		2			244		777		171
	1		5			244		777		174
	2		1			406		832		171
	2		3			406		832		167
	2		4			406		832		243
	2		5			406		832		159
	3		2			530		719		167
	3		4			530		719		162
	3		5			530		719		151
	3		7			530		719		201
	3		8			530		719		175
	4		2			649		830		243
	4		3			649		830		162
	4		8			649		830		220
	4		9			649		830		168
	5		0			385		674		192
	5		1			385		674		174
	5		2			385		674		159
	5		3			385		674		151
	5		6			385		674		179
	5		7			385		674		202
	6		0			334		502		126
	6		5			334		502		179
	6		7			334		502		180
	6		14			334		502		165
	6		16			334		502		177
	7		3			514		518		201
	7		5			514		518		202
	7		6			514		518		180
	7		8			514		518		178
	7		13			514		518		163
	7		14			514		518		162
	7		15			514		518		240
	8		3			667		610		175
	8		4			667		610		220
	8		7			667		610		178
	8		9			667		610		203
	8		12			667		610		167
	8		13			667		610		171
	9		4			803		762		168
	9		8			803		762		203
	9		10			803		762		187
	9		11			803		762		156
	9		12			803		762		197
	10		9			971		678		187
	10		11			971		678		180
	10		12			971		678		180
	10		25			971		678		201
	10		26			971		678		132
	10		27			971		678		194
	11		9			929		854		156
	11		10			929		854		180
	11		27			929		854		170
	12		8			829		566		167
	12		9			829		566		197
	12		10			829		566		180
	12		13			829		566		213
	12		24			829		566		229
	12		25			829		566		145
	13		7			657		439		163
	13		8			657		439		171
	13		12			657		439		213
	13		14			657		439		227
	13		15			657		439		167
	13		24			657		439		176
	14		6			439		374		165
	14		7			439		374		162
	14		13			439		374		227
	14		15			439		374		169
	14		16			439		374		208
	14		19			439		374		192
	14		21			439		374		225
	15		7			585		288		240
	15		13			585		288		167
	15		14			585		288		169
	15		19			585		288		236
	15		21			585		288		161
	15		22			585		288		153
	15		24			585		288		222
	16		0			231		358		209
	16		6			231		358		177
	16		14			231		358		208
	16		17			231		358		192
	16		19			231		358		212
	17		16			212		166		192
	17		18			212		166		166
	17		19			212		166		158
	18		17			284		16		166
	18		19			284		16		197
	18		20			284		16		153
	18		21			284		16		251
	19		14			368		195		192
	19		15			368		195		236
	19		16			368		195		212
	19		17			368		195		158
	19		18			368		195		197
	19		20			368		195		194
	19		21			368		195		131
	20		18			437		13		153
	20		19			437		13		194
	20		21			437		13		152
	20		23			437		13		183
	21		14			493		155		225
	21		15			493		155		161
	21		18			493		155		251
	21		19			493		155		131
	21		20			493		155		152
	21		22			493		155		185
	21		23			493		155		186
	22		15			678		166		153
	22		21			678		166		185
	22		23			678		166		158
	22		24			678		166		212
	22		35			678		166		188
	22		36			678		166		164
	23		20			620		18		183
	23		21			620		18		186
	23		22			620		18		158
	23		35			620		18		166
	23		36			620		18		269
	24		12			802		338		229
	24		13			802		338		176
	24		15			802		338		222
	24		22			802		338		212
	24		25			802		338		200
	24		32			802		338		165
	24		34			802		338		259
	24		36			802		338		171
	25		10			945		478		201
	25		12			945		478		145
	25		24			945		478		200
	25		26			945		478		219
	25		30			945		478		168
	25		32			945		478		181
	26		10			1097		636		132
	26		25			1097		636		219
	26		27			1097		636		190
	26		28			1097		636		170
	26		29			1097		636		160
	26		30			1097		636		214
	27		10			1097		826		194
	27		11			1097		826		170
	27		26			1097		826		190
	27		28			1097		826		169
	28		26			1238		732		170
	28		27			1238		732		169
	28		29			1238		732		188
	28		42			1238		732		157
	28		43			1238		732		268
	28		44			1238		732		152
	29		26			1228		544		160
	29		28			1228		544		188
	29		30			1228		544		173
	29		31			1228		544		184
	29		41			1228		544		174
	29		42			1228		544		176
	30		25			1104		422		168
	30		26			1104		422		214
	30		29			1104		422		173
	30		31			1104		422		166
	30		32			1104		422		189
	30		33			1104		422		195
	31		29			1259		362		184
	31		30			1259		362		166
	31		33			1259		362		183
	31		39			1259		362		226
	31		40			1259		362		136
	31		41			1259		362		161
	31		46			1259		362		246
	32		24			962		297		165
	32		25			962		297		181
	32		30			962		297		189
	32		33			962		297		184
	32		34			962		297		137
	32		36			962		297		174
	33		30			1133		229		195
	33		31			1133		229		183
	33		32			1133		229		184
	33		34			1133		229		152
	33		38			1133		229		205
	33		39			1133		229		163
	33		40			1133		229		237
	33		49			1133		229		231
	34		24			995		164		259
	34		32			995		164		137
	34		33			995		164		152
	34		35			995		164		259
	34		36			995		164		153
	34		37			995		164		156
	34		38			995		164		200
	35		22			786		11		188
	35		23			786		11		166
	35		34			786		11		259
	35		36			786		11		169
	35		37			786		11		175
	36		22			842		171		164
	36		23			842		171		269
	36		24			842		171		171
	36		32			842		171		174
	36		34			842		171		153
	36		35			842		171		169
	36		37			842		171		199
	37		34			961		11		156
	37		35			961		11		175
	37		36			961		11		199
	37		38			961		11		177
	38		33			1138		24		205
	38		34			1138		24		200
	38		37			1138		24		177
	38		39			1138		24		170
	38		48			1138		24		223
	38		49			1138		24		115
	39		31			1267		136		226
	39		33			1267		136		163
	39		38			1267		136		170
	39		40			1267		136		172
	39		47			1267		136		218
	39		48			1267		136		161
	39		49			1267		136		105
	40		31			1366		277		136
	40		33			1366		277		237
	40		39			1366		277		172
	40		41			1366		277		188
	40		46			1366		277		134
	40		47			1366		277		200
	41		29			1384		465		174
	41		31			1384		465		161
	41		40			1384		465		188
	41		42			1384		465		182
	41		43			1384		465		254
	41		45			1384		465		127
	41		46			1384		465		199
	42		28			1371		647		157
	42		29			1371		647		176
	42		41			1371		647		182
	42		43			1371		647		138
	42		44			1371		647		164
	42		45			1371		647		178
	43		28			1503		690		268
	43		41			1503		690		254
	43		42			1503		690		138
	43		44			1503		690		180
	43		45			1503		690		169
	44		28			1369		811		152
	44		42			1369		811		164
	44		43			1369		811		180
	45		41			1498		521		127
	45		42			1498		521		178
	45		43			1498		521		169
	45		46			1498		521		220
	46		31			1498		301		246
	46		40			1498		301		134
	46		41			1498		301		199
	46		45			1498		301		220
	46		47			1498		301		185
	47		39			1485		116		218
	47		40			1485		116		200
	47		46			1485		116		185
	47		48			1485		116		166
	47		49			1485		116		247
	48		38			1361		5		223
	48		39			1361		5		161
	48		47			1361		5		166
	48		49			1361		5		111
	49		33			1253		31		231
	49		38			1253		31		115
	49		39			1253		31		105
	49		47			1253		31		247
	49		48			1253		31		111
