
	Source	Route-pseudonym	Nonce	Broadcastkey

	0	370		100201501	00439
	1	81		100633204	01188
	2	232		1002038136	02381
	3	73		100354240	0328
	4	364		1002321760	04146
	5	445		1001169208	05413
	6	56		100657488	06322
	7	17		1003548384	07154
	8	298		1005133108	08306
	9	429		1004022445	09247
	10	4910		100648554	01058
	11	1011		1008869016	011128
	12	712		1007727315	012169
	13	3013		1006236538	013499
	14	2714		10013008800	014140
	15	3415		1009510000	015216
	16	1516		100908965	01699
	17	4817		10014199822	017338
	18	3918		10035473	01867
	19	2019		10011056120	019465
	20	2920		100104193	02043
	21	821		1004600236	021102
	22	2822		1008104825	022205
	23	1123		1001028764	023381
	24	424		10026011608	024447
	25	3825		1006259024	025238
	26	3626		10020880	0261
	27	4027		10010951752	027448
	28	3428		10011145715	028217
	29	1929		10032169228	029459
	30	130		10026338524	030414
	31	1131		10011767518	031131
	32	3032		1004703244	032214
	33	1033		100980866	03394
	34	3834		10033542364	034332
	35	4335		1001272492	035347
	36	3736		10029045313	036171
	37	4537		10039298512	037356
	38	4038		1001676226	03827
	39	139		1009540423	039261
	40	2540		1004065159	04053
	41	1141		1002981952	041416
	42	3242		10021156288	042144
	43	643		10014563248	043343
	44	2144		1003216008	04442
	45	045		10044134863	045453
	46	3646		10038255364	046314
	47	1947		10037887300	047300
	48	2048		10016581306	048342
